6
1
0 13 164
13 14 24 34 44 54 64 74 84 94 104 114 124 134 144 154
164 165 175 185 195 205 215 225 235 245 255 265
1 4 5 6
2 7 8 9
3 10 11 12
*
2
0 11 162
11 12 22 32 42 52 62 72 82 92 102 112 122 132 142 152
162 163 173 183 193 203 213 223 233 243 253 263
2 3 4 5 6 7 8 9 10
*
3
0 10 146
10 11 20 29 38 47 56 65 74 83 92 101 110 119 128 137
146 147 156 165 174 183 192 201 210 219 228 237
1 2 3 4 5 6 7
*
4
1 9 130
9 10 18 26 34 42 50 58 66 74 82 90 98 106 114 122
130 131 139 147 155 163 171 179 187 195 203 211
0 3 4 5 6 7 8
*
5
1 9 130
9 10 18 26 34 42 50 58 66 74 82 90 98 106 114 122
130 131 139 147 155 163 171 179 187 195 203 211
0 3 4 5 6 7 8
*
6
1 9 130
9 10 18 26 34 42 50 58 66 74 82 90 98 106 114 122
130 131 139 147 155 163 171 179 187 195 203 211
0 3 4 5 6 7 8
*