4
1
0 15 38 93 150 206 251 285 330
15 16 27
38 39 49 60 71 82
93 94 150
94 95 106 117 128 139
150 151 162 173 184 195 
206 207 218 229 240 
251 252 263 274
285 286 297 308 319
330 331 342 353
1 3 4
4 7 8 9 10
2 5 6
6 11 12 13 14
*
2
2 15 38 94 207 252 286 330
15 16 27
38 39 50 61 72 83 
94 95 151
95 96 107 118 129 140
151 152 163 174 185 196
207 208 219 230 241 
252 253 264 275 
286 287 298 309 320 
330 331 342 353
0 3 4
4 7 8 9 10
1 5 6
6 11 12 13 14
*
3
0 12 33 84 187 228 259 299
12 13 23
33 34 44 54 64 74
84 85 136
85 86 96 106 116 126 
136 137 147 157 167 177
187 188 198 208 218
228 229 239 249
259 260 270 280 290
299 300 310 320
2 4 5 6 7
3 8 9 10 11
*
4
0 11 30 75 168 205 233 270
11 12 21
30 31 39 48 57 66
75 76 122
76 77 86 95 104 113
122 123 132 141 150 159
168 169 178 187 196
205 206 215 224
233 234 243 252 261
270 271 280 289
1 3 4 5
2 7 8 9 10
*
