7
1
2 13 24 134 277 473
24 35 46 57 68 79 90 101 112 123 
134 145 156 167 178 189 200 211 222 233 244 255 266
277 288 299 310 321 332 343 354 365 376 387 398 409 420 627 628 451 462 
473 484 495 506 517 528 539 550 561 572 583 594 605 616
0 3 4 5 6 7 8
1 9 10 11 12
*
2
1 11 21 121 251 429
21 31 41 51 61 71 81 91 101 111
121 131 141 151 161 171 181 191 201 211 221 231 241
251 261 271 281 291 301 311 321 331 341 351 361 371 381 569 570 409 419
429 439 449 459 469 479 489 499 509 519 529 539 549 559
0 2 3 4 5 6 7 8 9 10
*
3
2 6 11 61 126 214
11 16 21 26 31 36 41 46 51 56 
61 66 71 76 81 86 91 96 101 106 111 116 121 
126 131 136 141 146 151 156 161 166 171 176 181 186 191 284 285 204 209
214 219 224 229 234 239 244 249 254 259 264 269 274 279
0 3 4 5
*
4
194 10 116
10 11 18 25 32 39 46 53 60 67 74 81 88 95 102 109
116 117 124 131 138 145 152 59 166 173 180 187
0 4 2
2 5 6
1 7 3 
3 8 9
*
5
109 3 64
3 4 8 12 16 20 24 28 32 36 40 44 48 52 56 56 60
64 65 69 73 77 81 85 89 93 97 101 105
*
6
8 9 88
9 10 16 22 28 34 40 46 52 58 64 70 76 82
88 89 95 101 107 113 119 125 131 137 143 149 155 161
0 1 2
1 4 5
2 6 7
*
7
6 9 88
9 10 16 22 28 34 40 46 52 58 64 70 76 82 
88 89 95 101 107 113 119 125 131 137 143 149 155 161
0 1 2 
1 4 7
2 5 8
*
