6
1
0 9 24 53 68
9 10 17
24 25 32 39 46
53 54 61
1 3 4 5
2 6 7 8
*
2
0 18 84 97 163
18 19 32 45 58 71 84
97 98 111 124 137 150
1 2 3 4 5
2 6 7 8 
3 9 10 11
4 12 13 14
5 15 16 17
*
3
0 19 32 45 58 71 84
1 3 4
2 5 6
3 7 8 9
4 10 11 12
5 13 14 15
6 16 17 18
*
4
0 18 84 97 163
18 19 32 45 58 71
97 98 111 124 137 150
1 2 3 4 5
6 7 8
3 9 10 11
4 12 13 14
5 15 16 17
*
5
0 19 32 45 58 71 84
1 3 4
2 5 6
3 7 8 9
4 10 11 12
5 13 14 15 
6 16 17 18
*
6
0 9 16 23 30 37 44 51 58 65 72 79 86 93 100 107 114 121 128 135 142 149 156 163 170 177 184 191 198 205 212 219 226 233 240 247 254 261 268 275 282 289 296 303 310 317 324 331 338 345 352 359
1 3 4 5
2 6 7 8
*
